# Created by Octave 3.6.4, Thu Nov 07 15:29:37 2013 MST <nyxtom@asimov.local>
# name: v
# type: matrix
# rows: 10
# columns: 1
 2104
 1600
 2400
 1416
 3000
 1986
 1534
 1427
 138
 1494


